0
0
0
0
0
0
0
0
0
0
0
0
0
0
0
0
0
0
0
0
0
0
0
0
0
0
0
0
0
0
0
0
0
0
0
0
0
0
0
0
0
0
0
0
0
0
0
0
0
0
0
0
0
0
0
0
0
0
0
0
0
0
0
0
0
0
0
0
0
0
0
0
0
0
0
0
0
0
0
0
0
0
0
0
0
0
0
0
0
0
0
0
0
0
0
0
0
0
0
0
0
0
0
0
0
0
0
0
0
0
0
0
0
0
0
0
0
0
0
0
1
0
0
0
0
0
0
0
0
0
0
0
0
0
0
0
0
0
0
0
0
0
0
0
0
0
0
0
0
0
0
0
0
0
0
0
0
0
0
0
0
0
0
0
0
0
0
0
0
0
0
0
0
0
0
0
0
0
0
0
0
0
1
0
0
1
0
0
0
0
0
0
0
0
0
0
0
0
0
0
0
1
0
0
0
0
0
0
0
0
0
0
0
0
1
0
1
0
0
1
0
0
0
1
1
0
1
1
1
0
0
1
1
1
1
0
0
0
1
1
2
2
1
1
1
2
1
1
1
1
1
1
2
1
1
2
1
1
1
1
1
1
1
1
1
1
1
1
1
1
4
3
4
4
3
3
3
4
4
4
5
5
3
4
3
5
4
4
4
4
3
4
5
3
3
3
4
3
5
4
12
14
11
14
10
10
10
10
12
11
11
12
12
12
12
10
11
12
13
10
11
12
12
12
11
14
14
14
14
15
36
34
32
32
33
32
32
33
31
34
33
33
33
34
31
32
32
33
32
31
34
34
32
40
32
33
31
32
31
31
95
88
101
101
96
94
89
100
100
93
90
100
97
96
95
94
92
99
98
92
95
88
103
96
96
97
91
97
94
97
278
281
277
287
283
290
271
285
285
276
284
278
286
277
283
282
283
285
281
285
282
284
280
282
278
280
287
275
288
296
845
839
839
846
850
840
850
840
845
847
856
834
852
838
852
846
847
840
846
846
835
854
832
842
857
851
847
844
840
843
2528
2512
2517
2513
2545
2520
2533
2545
2547
2510
2518
2501
2508
2529
2502
2522
2517
2510
2525
2560
2546
2530
2527
2539
2529
2520
2519
2523
2538
2530
7768
7592
7554
7548
7576
7627
7645
7621
7726
7567
7559
7554
7574
7666
7611
7607
7637
7584
7558
7536
7572
7580
7634
7654
7762
7587
7619
7632
7631
7556
23160
23993
23098
23095
22850
22953
22604
22756
22884
22556
22704
22736
22609
23109
22868
22772
23232
22629
22667
22759
22587
22769
22724
22805
22729
22688
22815
22817
23543
23919
69675
71708
69265
68606
67764
68014
67897
68325
67992
69039
67993
68102
68001
68180
74064
74134
74107
70574
68475
68279
68785
68174
75393
71089
73255
73375
68771
68125
68823
68101
204903
204976
